9
100
12963 34568 43210 43210 1
12963 0 17284 64815 3
8642 0 17284 30247 2
30247 17284 56173 73457 3
12963 69136 82099 77778 3
12963 0 69136 8642 3
30247 25926 38889 51852 4
38889 30247 60494 38889 1
4321 30247 12963 73457 2
25926 56173 64815 95062 1
4321 12963 86420 34568 4
8642 25926 21605 69136 4
8642 8642 21605 47531 4
60494 56173 90741 77778 1
51852 4321 90741 86420 1
25926 21605 51852 30247 1
21605 34568 38889 56173 2
8642 0 43210 34568 3
34568 30247 51852 95062 2
4321 56173 90741 82099 1
4321 34568 30247 51852 3
21605 51852 73457 82099 2
4321 8642 47531 51852 4
34568 0 38889 73457 1
34568 25926 82099 77778 3
34568 0 56173 64815 1
25926 25926 82099 77778 3
0 25926 73457 60494 2
69136 34568 95062 86420 4
8642 12963 25926 60494 1
38889 69136 64815 77778 1
8642 17284 90741 69136 2
25926 64815 90741 90741 4
12963 21605 73457 47531 3
8642 12963 90741 34568 2
21605 25926 56173 95062 1
60494 8642 77778 86420 4
21605 17284 47531 38889 2
0 90741 73457 95062 1
25926 64815 82099 82099 1
95062 34568 99383 38889 2
0 56173 56173 90741 2
56173 34568 64815 90741 3
12963 38889 90741 60494 3
56173 8642 95062 38889 2
69136 4321 90741 90741 1
17284 4321 47531 90741 2
4321 43210 82099 95062 3
8642 8642 60494 69136 2
34568 8642 51852 77778 4
24701 38544 44603 79268 4
52292 82435 60680 93638 1
72934 12648 81317 26236 2
18104 35287 87294 58130 3
11621 48251 12206 92654 3
44605 44254 62495 50229 3
4340 26770 80706 55414 4
49977 10091 70925 56261 3
51352 23909 80895 97392 3
12831 41445 58359 44617 3
61566 51347 88720 78457 3
29892 13021 98559 96737 2
6699 63293 85628 82406 1
33197 17706 67576 95359 1
23205 49050 76248 83619 1
27748 48250 38050 59294 1
5766 51281 51807 89763 2
21996 3034 87218 3946 2
44365 3195 44568 62600 3
51375 14355 73064 45633 4
49427 40725 50639 56347 4
49452 50077 67320 81213 1
37067 42735 76376 49666 4
13009 2357 52610 43155 2
1813 18873 51177 86857 1
10054 72363 65840 89592 3
30198 38190 91816 42810 2
55570 23031 85599 63828 4
61580 29129 65354 45097 4
35455 56713 38641 74873 4
51141 23621 95172 94074 1
68403 67644 87899 77161 3
27023 53977 36599 71870 1
8438 10838 56868 99955 1
69574 42363 71081 60012 2
29659 45399 73593 67286 2
15563 16113 70510 27910 1
41499 20555 89230 67353 3
3325 44683 62333 81814 3
40718 24170 91219 84466 4
39332 70393 59909 85467 2
11607 5179 31926 35523 4
4200 25773 88272 65862 4
34907 33033 48532 77602 2
16977 88573 81468 92853 3
41130 22781 96940 90127 4
36434 6328 86709 85735 1
33467 24857 68577 77929 3
26234 7896 68226 60424 3
38983 31599 42068 46914 3
100
25926 12963 64815 60494 4
25926 0 43210 95062 6
8642 4321 64815 38889 4
25926 21605 73457 47531 5
34568 38889 82099 64815 6
43210 4321 77778 17284 6
12963 51852 82099 86420 2
38889 51852 73457 77778 1
30247 56173 47531 60494 1
56173 56173 77778 69136 6
0 21605 90741 51852 6
47531 51852 73457 60494 1
12963 30247 82099 95062 2
12963 73457 17284 86420 3
43210 25926 77778 30247 2
17284 8642 30247 51852 6
34568 21605 60494 64815 4
69136 64815 82099 77778 4
34568 4321 60494 21605 1
60494 30247 73457 56173 3
47531 12963 51852 69136 4
43210 0 73457 95062 6
34568 21605 86420 43210 4
30247 30247 56173 82099 6
4321 34568 86420 69136 5
0 21605 73457 69136 2
17284 82099 43210 86420 1
0 25926 51852 43210 3
38889 43210 73457 86420 6
0 60494 38889 90741 2
73457 47531 77778 64815 2
4321 25926 34568 95062 2
25926 60494 38889 64815 4
12963 64815 51852 86420 1
0 4321 47531 21605 2
69136 30247 82099 38889 6
47531 73457 90741 82099 2
25926 0 47531 64815 5
17284 82099 86420 86420 2
0 60494 34568 86420 6
34568 4321 86420 64815 2
30247 21605 64815 56173 1
64815 8642 90741 90741 1
69136 77778 86420 86420 3
21605 60494 73457 82099 3
51852 21605 73457 77778 3
38889 25926 95062 77778 2
51852 30247 69136 86420 6
21605 30247 34568 69136 3
34568 51852 90741 95062 5
7569 74039 69548 95822 4
54076 20073 82346 31795 2
31643 42713 79184 99952 1
65877 8137 96118 25161 4
37549 46492 56884 93887 6
66514 16019 93791 33762 4
69199 43779 90409 59256 3
4342 31506 50915 78178 5
57515 54334 61734 57628 6
20644 21382 35349 85472 5
9239 84952 9245 92129 6
75112 10721 92332 55393 1
17005 68997 42606 98396 5
18897 1455 58015 33739 3
19889 6038 67115 47344 4
19172 28550 49658 93849 1
35439 23505 43523 95471 5
68889 38708 95019 50121 1
78663 59600 97186 94461 1
32374 55054 41573 73122 3
9400 44957 47296 92252 5
37861 8559 61540 26815 3
14951 26853 38612 48794 3
5640 843 10127 48550 3
1691 67117 88392 72099 6
60482 9340 99707 39646 3
58477 44417 81001 82624 4
68622 67376 98209 97057 6
163 2954 15340 65477 4
8618 69225 88715 71143 3
10754 32244 16433 48160 3
6044 7423 13434 25859 4
43713 80514 63509 90284 5
40048 66053 54353 77882 2
54617 9615 83631 55914 3
24675 70584 90913 85798 4
46270 24777 53095 81713 6
324 4269 27410 74904 4
97744 30013 98522 72449 6
34306 53633 38741 91470 1
54808 49167 70343 98741 3
19487 1303 88630 78397 4
58885 11232 81620 16449 2
11369 26315 90836 89903 6
9894 43397 63966 54229 1
9054 53297 19670 88649 3
7795 36972 13813 79026 5
31633 58928 79980 91027 4
703 47607 91837 94187 5
9913 17006 31116 37341 4
100
4321 51852 17284 99383 4
56173 4321 77778 73457 8
34568 38889 60494 69136 8
43210 43210 73457 47531 5
0 4321 4321 77778 7
43210 17284 56173 38889 2
21605 12963 43210 43210 6
73457 4321 86420 95062 8
25926 17284 95062 38889 8
69136 0 95062 4321 6
4321 4321 51852 30247 6
64815 8642 77778 86420 7
17284 69136 43210 77778 6
4321 12963 8642 51852 7
17284 30247 38889 56173 7
47531 25926 86420 30247 2
21605 77778 64815 82099 1
86420 25926 90741 69136 4
34568 8642 73457 30247 5
64815 60494 73457 73457 3
25926 43210 77778 95062 8
43210 4321 60494 73457 3
64815 25926 86420 60494 1
12963 82099 47531 90741 3
56173 30247 73457 86420 2
51852 77778 77778 90741 7
25926 64815 38889 86420 1
25926 12963 69136 86420 5
8642 82099 56173 95062 1
43210 64815 69136 73457 8
8642 21605 99383 38889 7
60494 4321 73457 43210 1
56173 60494 86420 64815 1
30247 12963 86420 47531 8
34568 43210 95062 95062 4
0 0 34568 56173 2
21605 8642 34568 82099 5
25926 51852 34568 95062 7
0 12963 90741 64815 8
12963 17284 90741 56173 3
17284 73457 30247 82099 4
34568 21605 43210 43210 6
17284 17284 95062 25926 6
43210 21605 47531 90741 2
56173 51852 60494 64815 1
47531 25926 82099 77778 5
21605 34568 47531 86420 8
21605 17284 99383 43210 2
38889 64815 95062 77778 2
34568 12963 56173 69136 7
29166 55500 74389 71630 8
34558 33347 44834 44536 7
11040 28311 28828 88592 1
11327 61880 11658 87499 1
13171 30258 35070 97311 3
38956 39702 84733 58935 8
72483 75854 82250 76272 8
45608 47322 49597 80182 4
27179 10100 52736 79897 7
14971 92694 41525 99540 4
16590 6536 92974 88948 1
6032 10809 15369 28771 6
72845 61690 76157 71067 8
60452 1782 73124 37256 6
10094 84695 53591 86664 1
41884 56134 97793 76944 1
24836 2595 25287 60033 4
56011 44129 83127 80857 1
41669 4723 63445 22744 1
25659 52109 93769 60045 1
72106 15099 93328 24267 4
34427 70011 41112 83487 8
56837 13527 71406 27286 3
6691 32364 86219 95237 2
8796 1355 93758 89216 1
53487 39867 83981 85495 7
31066 44328 83669 73883 4
54288 85639 66905 91992 7
9251 70785 20072 74564 4
38165 16882 61662 18268 8
72640 40439 76481 61393 7
154 73461 86595 84660 7
81850 42174 88507 63894 2
5819 26018 30161 66594 2
29734 62421 54835 83076 8
13303 30934 88346 97122 2
49739 12522 90979 72361 8
87982 19694 88334 81251 6
929 91043 33893 96695 8
41573 19890 96656 26938 4
39072 17323 60451 25614 2
1253 74751 96417 94698 3
2362 20011 63913 59770 8
7528 40836 65409 97333 8
53226 23591 70740 29468 1
24624 15255 99475 21990 3
25933 2794 78895 43207 8
16867 5388 60325 63624 7
43510 28902 66972 37974 4
17365 17667 38451 59391 6
100
17284 0 38889 60494 5
25926 25926 56173 38889 8
8642 30247 38889 60494 5
17284 12963 34568 38889 1
38889 17284 86420 56173 5
38889 4321 82099 25926 8
25926 25926 34568 73457 9
0 4321 90741 17284 3
17284 47531 21605 77778 4
51852 17284 82099 30247 2
8642 47531 43210 86420 9
4321 34568 25926 73457 4
60494 12963 90741 82099 5
0 34568 25926 43210 6
73457 12963 86420 30247 3
47531 8642 56173 12963 1
17284 64815 73457 90741 2
25926 12963 69136 47531 2
12963 21605 34568 77778 1
77778 30247 82099 95062 10
12963 47531 51852 64815 2
0 30247 47531 38889 3
17284 17284 25926 56173 1
64815 60494 82099 64815 6
34568 12963 86420 82099 10
73457 0 95062 12963 1
21605 95062 47531 99383 3
90741 30247 95062 90741 5
0 0 73457 86420 3
4321 8642 21605 86420 9
17284 51852 38889 77778 3
8642 64815 43210 86420 6
64815 25926 86420 51852 8
56173 69136 64815 95062 9
17284 47531 34568 77778 5
25926 21605 86420 77778 6
12963 64815 77778 86420 4
25926 86420 51852 90741 8
21605 4321 51852 90741 7
4321 69136 38889 90741 10
0 4321 77778 47531 6
30247 21605 77778 51852 7
0 47531 25926 77778 3
47531 38889 73457 47531 3
8642 69136 69136 86420 6
17284 8642 30247 30247 10
51852 25926 69136 51852 7
0 25926 90741 86420 8
21605 8642 56173 47531 8
4321 17284 21605 77778 7
14893 977 92702 97363 7
65430 8469 80609 65735 2
1348 68193 71454 72972 1
25882 21159 81634 83218 8
69785 17688 74296 96530 7
19049 38304 58273 99011 10
5635 20796 82339 54256 2
22146 21663 52644 21861 3
28861 85605 31331 92867 4
67856 28107 81216 96459 7
36304 13311 63763 33400 2
80305 66643 95767 77700 9
3108 7250 69657 7425 8
21936 12443 72475 97921 1
995 37289 17920 58358 10
74250 31303 79623 62880 8
18131 32136 97374 87137 3
6844 48616 79333 59521 10
74609 42661 83324 72366 4
3717 55787 67224 65689 4
1398 40159 91160 72540 4
55262 33607 67885 96197 9
1452 56749 15222 70619 7
30249 21209 66609 43804 9
1531 27456 23998 81910 5
57192 45149 80306 96369 6
5603 29566 6187 65029 8
1076 27747 44770 98594 4
22432 34898 27987 97141 5
4503 16546 87947 89640 9
51502 20835 74488 28635 6
77984 51476 85826 93467 9
58311 27157 72792 83377 10
21558 30733 43843 82231 9
32715 6205 57553 25076 7
7970 35452 38010 86438 8
10799 51935 21784 89314 7
962 27623 80524 58325 3
21521 27065 53449 90853 9
39695 88797 79237 91337 10
37676 20197 74719 59574 4
12684 33230 66484 99939 3
1124 36026 68594 98903 2
39339 17074 82125 87576 3
37549 10548 79546 66412 7
23571 19285 76068 36951 8
83725 26395 99780 79893 9
22976 5490 46174 34138 7
22466 86250 78035 93812 5
50469 26604 53590 75482 2
100
43210 4321 64815 77778 7
43210 30247 95062 73457 5
30247 60494 43210 69136 1
8642 0 34568 56173 4
21605 0 38889 56173 4
56173 0 86420 25926 10
8642 21605 82099 25926 6
25926 30247 38889 86420 9
8642 21605 90741 95062 6
0 38889 43210 77778 10
21605 64815 47531 82099 1
8642 34568 86420 64815 3
43210 21605 56173 38889 8
43210 64815 95062 82099 7
34568 4321 47531 21605 2
30247 73457 64815 90741 4
56173 90741 64815 99383 4
17284 25926 64815 60494 3
8642 25926 73457 86420 12
0 17284 17284 30247 7
51852 4321 73457 21605 3
4321 47531 8642 51852 12
64815 34568 77778 82099 2
34568 8642 38889 51852 10
4321 51852 30247 86420 3
25926 47531 30247 60494 4
34568 4321 64815 95062 8
47531 64815 95062 90741 6
4321 86420 86420 90741 3
4321 25926 30247 69136 9
47531 12963 69136 90741 8
4321 0 51852 51852 5
4321 25926 69136 64815 12
86420 21605 90741 86420 11
4321 25926 8642 56173 3
17284 34568 47531 86420 10
12963 25926 25926 77778 1
0 4321 38889 73457 3
21605 17284 34568 95062 4
25926 21605 56173 47531 4
51852 12963 69136 43210 12
30247 34568 82099 73457 2
17284 34568 25926 38889 3
12963 38889 60494 60494 1
0 8642 8642 64815 5
12963 25926 30247 95062 1
21605 8642 95062 38889 11
34568 8642 86420 82099 9
64815 82099 69136 86420 5
0 8642 34568 69136 6
29122 6146 97671 92736 3
10585 8971 59246 35731 3
60537 42904 87487 51568 6
26671 6187 78666 54766 5
7602 12471 8852 90856 7
49400 24855 55115 37594 11
4485 17563 23267 98075 9
23796 36649 72516 91084 12
2623 32795 40867 44116 3
2573 6156 84979 98837 1
40463 9988 40595 17802 6
38813 40994 70087 60771 3
70937 6774 79696 95295 9
7606 17472 57661 52657 12
62807 27391 73868 48854 6
20835 46107 62199 95256 6
41456 38447 64870 77115 8
50183 5139 54587 15784 2
5791 54556 6851 62970 9
54915 28588 59168 86074 7
36508 86918 70008 91929 10
23434 20357 33347 79511 3
5870 36443 21939 70385 12
12408 26157 19894 56092 8
23393 45326 81607 79162 10
43541 42086 94239 81585 3
57176 38243 94292 67651 5
42635 3275 68604 65928 7
13004 21575 44110 35230 6
11457 46833 64222 78607 5
1880 44805 73552 53328 2
63481 15228 80210 83060 3
48096 61379 61566 69346 7
3840 15466 14150 40316 10
21907 29172 22181 46136 7
4733 10491 7276 37006 6
16564 20134 65699 23024 1
58711 35653 91330 88369 5
4844 72304 31386 90274 7
12769 59505 20366 64313 3
61519 62191 88185 67255 12
21765 4471 27336 74607 12
20462 7718 36955 96025 1
29636 24648 88967 59621 7
31573 28724 82460 47800 2
75520 74170 95962 75491 10
52187 15245 79702 40448 10
40692 22346 98344 61909 10
2936 51054 59784 69447 3
4043 3434 66814 62479 11
100
95235 16312 95270 16654 11
44648 32750 45146 33226 13
84912 26970 85373 26985 5
40526 8148 40693 8435 10
81923 20933 82350 21020 10
22159 73514 22412 73824 10
27271 88956 27694 89161 12
795 79175 1271 79544 1
45506 7449 45544 7809 5
70225 58427 70301 58522 11
71264 54138 71482 54327 6
41961 41648 42074 41983 2
80922 85573 81223 85995 12
48146 49999 48489 50182 2
76014 47941 76362 48260 3
80018 51598 80393 51878 12
50741 34716 51188 35069 12
76506 56309 76603 56395 5
46675 92134 46841 92211 13
18081 87819 18486 88310 1
17620 71998 17693 72246 3
58357 91144 58786 91189 13
15885 82532 16264 82937 8
71974 49257 72358 49562 12
69040 38840 69165 38866 4
93846 87101 94311 87186 11
60665 86705 60998 86963 5
2178 667 2480 799 8
17365 30175 17425 30591 4
91853 89761 91882 89848 4
89901 55637 90218 56131 9
67357 77189 67575 77649 4
61563 88030 61670 88032 13
60453 34875 60892 35363 4
51776 16386 52081 16390 5
79917 54085 80269 54222 10
958 7229 1205 7471 11
57178 62248 57232 62693 3
42460 19602 42708 20015 13
59528 76394 59880 76518 4
29776 75284 30227 75532 11
58977 38152 59296 38506 6
71647 99014 71813 99113 9
24837 94741 24918 94903 4
32629 88120 32855 88382 9
5673 62260 5919 62355 9
95117 14129 95369 14560 12
57942 53590 58081 53956 6
7728 61526 7821 61905 11
34409 20506 34451 20515 4
6330 69731 6645 70070 5
90937 31961 90990 32424 7
5324 57942 5535 58008 13
61851 69482 62123 69901 2
37255 54338 37371 54526 13
18456 84737 18952 84823 11
87293 90753 87448 91188 8
79464 34738 79516 34779 9
76578 97133 76868 97174 5
71575 5748 71594 5804 12
65607 41141 65737 41623 9
46412 10807 46445 11057 2
50987 57874 50999 57975 7
32093 18992 32582 19363 3
89527 72664 89680 72915 7
66893 77006 66947 77475 3
73068 36363 73144 36632 2
31077 85789 31404 85985 2
71705 83963 72197 84225 11
29023 21803 29028 22074 8
97048 4420 97180 4441 11
65749 38868 65759 38897 2
88561 78913 89058 79268 5
86227 62689 86231 62847 6
62727 16417 62783 16845 10
2007 89568 2075 89605 13
50630 22528 50912 22552 2
94887 35627 95159 35672 13
42008 75429 42064 75495 7
79152 94674 79334 94738 6
25926 43210 30247 64815 11
0 56173 43210 60494 5
43210 12963 82099 43210 2
34568 0 82099 30247 12
25926 4321 38889 12963 2
0 43210 73457 95062 5
43210 0 86420 51852 1
17284 73457 34568 95062 10
25926 34568 38889 51852 10
25926 38889 86420 90741 2
69136 51852 82099 90741 2
47531 56173 95062 60494 10
60494 8642 82099 51852 14
8642 38889 56173 69136 12
25926 0 86420 47531 1
17284 30247 34568 90741 6
21605 0 73457 64815 1
30247 12963 64815 17284 14
64815 69136 95062 90741 14
30247 60494 77778 64815 11
100
2680 42660 2721 43076 12
57222 19839 57517 19865 8
85938 56770 85963 57073 16
87594 37092 88006 37262 14
48187 86845 48455 87329 16
77229 38972 77408 39064 13
73304 48706 73618 48925 14
27938 1579 28002 2051 15
68108 37583 68367 37844 12
73333 54949 73602 55007 15
4876 48615 5020 48957 16
72822 74268 72908 74548 5
10548 58750 10760 58802 6
22218 3829 22322 3854 5
51119 90819 51165 91143 9
24667 64984 24944 65344 10
51003 64598 51414 64742 4
51954 63808 52046 63931 5
26365 88171 26567 88482 14
52429 40263 52529 40432 7
57588 31471 57836 31553 1
47277 67650 47589 68087 12
84597 722 84735 917 3
81022 91020 81296 91487 12
83564 20162 83612 20178 1
33243 72389 33527 72828 1
37823 81500 38004 81542 9
26460 44833 26718 45086 15
75313 72435 75337 72604 8
3574 87129 3583 87425 10
19791 24158 20095 24184 6
87964 1005 88377 1387 5
45728 23879 45942 24138 6
19672 59633 20127 59958 15
99305 42035 99535 42087 5
6004 17981 6030 18065 15
65031 61008 65500 61016 7
34519 31820 34677 32005 13
60542 65194 60586 65661 14
56393 18616 56475 18768 7
16396 12310 16650 12601 9
98711 61587 98859 61779 13
64277 51806 64622 51831 7
99029 31990 99078 32080 10
79278 99289 79737 99760 14
48015 41778 48263 42154 7
56445 30285 56643 30478 12
59531 5146 59699 5352 8
69986 55347 70294 55744 3
21960 69616 22139 69935 1
93258 74501 93327 74590 12
60926 38973 60982 39087 10
4720 41803 5116 42101 16
41626 4715 42006 4789 12
66782 17972 67233 18002 5
44208 24590 44618 24888 3
84663 1983 84937 2280 2
16880 66503 17130 66879 16
63066 42711 63560 42972 1
89984 57760 90397 58217 10
12933 93465 12962 93863 7
3054 43470 3132 43961 7
94628 85005 94972 85113 1
18391 19076 18652 19362 5
15860 35861 15888 35928 9
62536 1341 62972 1469 7
78323 43924 78548 44338 10
46170 45007 46244 45186 10
86825 47586 87083 47754 13
94182 46820 94199 46921 3
87953 53851 88289 54033 15
65587 4534 65818 4978 3
47102 45079 47343 45345 12
47013 25231 47435 25374 4
18784 69186 19085 69632 14
74052 87752 74482 87902 16
15035 14607 15187 14626 2
54256 15324 54412 15604 4
49087 16343 49232 16425 14
10717 30507 10785 30992 1
64815 25926 77778 73457 1
51852 51852 73457 64815 4
47531 12963 64815 90741 12
17284 64815 99383 86420 8
34568 17284 64815 64815 7
38889 4321 43210 64815 15
17284 73457 64815 95062 5
21605 25926 56173 95062 3
12963 12963 21605 86420 12
47531 34568 51852 69136 13
56173 30247 69136 77778 7
4321 47531 34568 64815 16
4321 0 51852 95062 11
47531 64815 56173 77778 1
21605 21605 60494 56173 10
17284 73457 51852 90741 2
30247 77778 56173 86420 4
82099 77778 86420 82099 13
0 17284 4321 38889 13
60494 43210 90741 69136 4
100
32035 15092 32071 15334 13
58610 63649 58782 63934 5
57059 32816 57122 33177 15
54725 6207 55101 6256 8
51649 78895 52091 78968 12
26067 52954 26399 53181 16
63973 24573 64454 24975 9
71327 34671 71459 34877 14
84923 25544 84943 26043 9
3893 59442 4078 59450 13
48089 17297 48325 17713 7
72713 65438 72925 65609 6
65689 83830 66102 83946 5
69642 23726 69872 24096 6
23714 44033 23864 44352 4
20027 78222 20115 78257 1
26920 83051 27187 83331 6
2747 25849 2912 26234 13
31598 48282 32077 48342 13
27317 69316 27785 69408 11
14199 5333 14354 5656 2
78050 23357 78508 23629 7
18853 73514 18986 73927 6
55862 2589 55892 2766 4
30147 25730 30281 25847 13
81508 53694 81949 53925 16
45744 38868 45797 39103 6
30244 58209 30274 58630 10
90709 74595 90870 74718 13
68141 48730 68581 48895 1
45190 12114 45266 12174 4
64300 14712 64789 14954 3
33274 80132 33335 80301 5
80613 57467 81038 57744 3
88635 82238 88768 82517 15
12275 76035 12542 76249 17
14723 59746 15171 60136 15
67426 80417 67644 80812 12
58177 88642 58641 88895 8
67710 62797 68116 62957 18
37830 36037 38288 36417 8
30567 51722 30744 52128 1
179 12025 382 12378 2
12685 93626 13096 93780 4
94573 22272 94897 22640 1
19404 48252 19862 48531 2
39920 89037 40105 89072 18
73726 68047 74165 68236 18
45605 17847 45922 17916 4
40871 42510 40973 42734 10
39957 62866 40045 63245 7
80639 38787 80857 38893 15
81890 70144 82028 70163 3
61610 88011 61680 88420 2
15702 60642 16033 60713 15
8748 37470 8964 37481 11
25025 32062 25192 32342 5
94765 62399 95237 62533 11
21797 36762 22224 37130 7
95819 52279 96082 52691 8
4541 93977 4620 94423 17
88591 22709 88837 22843 12
35899 96756 36355 96922 15
20253 15003 20661 15346 11
36813 26609 36927 26904 4
34328 21049 34412 21380 18
14871 79782 15110 79861 14
63592 66363 63621 66773 14
60838 44749 60882 45209 7
3697 17674 3783 17997 2
15941 74003 15944 74063 3
65729 74894 65900 74906 16
83365 69142 83738 69248 17
53142 87451 53312 87606 12
67905 85409 67999 85445 17
12542 28816 12706 29038 9
84199 87601 84293 87696 2
62092 44003 62303 44005 12
47299 25667 47348 25772 5
30019 874 30090 1273 11
47531 38889 86420 86420 9
8642 43210 73457 56173 17
38889 73457 60494 77778 1
73457 12963 95062 38889 2
0 17284 82099 69136 16
12963 12963 95062 30247 3
12963 64815 86420 82099 6
21605 47531 82099 56173 18
21605 56173 56173 73457 7
51852 56173 69136 82099 10
17284 56173 25926 82099 17
21605 43210 64815 69136 7
8642 51852 86420 90741 4
4321 64815 34568 69136 14
12963 25926 21605 34568 6
12963 4321 21605 25926 6
8642 25926 43210 56173 15
47531 38889 69136 95062 16
17284 8642 47531 38889 7
12963 56173 56173 77778 17
100
86492 52811 86981 53271 19
41997 42071 42260 42533 16
51211 59431 51659 59756 6
56090 33527 56551 33839 6
37946 9806 38236 9843 2
52450 51123 52682 51279 18
38530 24404 38859 24630 8
67308 4685 67666 4987 5
87245 47937 87456 48155 4
27236 19249 27247 19339 19
11617 74363 12087 74366 9
44225 43687 44299 43698 13
43806 46403 44207 46610 1
48905 84155 49053 84431 3
66039 8854 66488 9010 8
66591 24223 67037 24562 18
61131 32995 61176 33239 9
43854 23936 44236 24312 18
19602 90824 19635 90932 12
50529 10294 50893 10671 14
56517 87556 56991 88056 18
35172 78271 35213 78282 20
73426 69618 73576 70009 12
21486 45974 21831 46116 15
57697 55599 57782 55822 12
96723 80561 97086 80907 15
53122 480 53618 580 1
37719 41076 37979 41187 16
47793 4542 47920 4782 6
49854 67914 49881 68124 15
23937 16739 24092 17155 19
2759 74340 3157 74563 12
18563 67470 18934 67544 18
23936 19945 24039 20429 9
5357 14376 5424 14824 4
82238 87374 82309 87517 1
66794 36204 66934 36402 16
49734 70722 49941 71147 4
8402 24216 8775 24411 7
76968 47425 77317 47679 14
25187 42867 25516 43008 11
73718 67104 73848 67384 12
16969 92769 17283 93056 4
90114 72821 90246 73137 11
76139 57357 76325 57739 13
50743 28664 51219 28949 9
91932 86509 92340 86810 20
44901 43614 45014 43960 1
18527 24639 18849 25041 4
40721 91891 40801 92140 12
30425 33105 30779 33588 10
85063 2518 85138 2760 14
86332 40434 86639 40445 20
66095 15210 66355 15469 4
636 60080 666 60217 11
20743 40083 20765 40147 9
60384 68511 60560 68561 6
11099 38623 11442 38994 12
67018 63721 67374 63772 3
97385 77042 97750 77067 14
41048 67626 41342 67745 9
34634 81402 34844 81838 6
59835 45134 60148 45591 17
68370 76555 68657 76986 20
73107 10970 73443 11361 19
96848 25587 96950 25846 6
59112 31798 59543 31834 9
27116 55445 27225 55838 3
19838 24439 19967 24775 15
8982 24790 9115 24896 20
38981 84557 39381 84797 16
68204 42012 68298 42307 5
43737 34877 44172 34993 10
9217 67476 9571 67577 19
38536 93730 38625 93892 19
42411 9825 42810 10082 11
58914 21305 58934 21677 12
53262 28817 53403 29277 16
31098 99273 31126 99517 19
24403 41826 24740 41926 1
69136 64815 95062 90741 17
0 25926 69136 64815 2
25926 0 30247 25926 9
82099 69136 86420 86420 17
25926 38889 56173 56173 10
60494 25926 73457 82099 11
25926 8642 64815 69136 2
12963 25926 60494 30247 17
0 0 73457 21605 15
38889 56173 56173 77778 14
34568 17284 73457 34568 16
30247 69136 47531 86420 15
0 30247 69136 95062 10
4321 25926 86420 56173 2
51852 8642 64815 90741 13
38889 51852 82099 95062 19
47531 60494 95062 69136 7
34568 25926 51852 82099 6
25926 12963 30247 77778 13
8642 4321 69136 77778 18
